0 0 0
1 0 0
2 2 3
3 4 8
4 6 15
5 9 24
6 13 35
7 11 36
8 13 47
9 16 61
10 17 69
11 28 92
12 35 98
13 41 84
14 41 73
15 45 88
16 49 89
17 49 101
18 65 135
19 77 146
20 86 158
21 94 177
22 96 181
23 99 190
24 105 208
25 106 208
26 111 226
27 114 232
28 117 245
29 120 253
30 124 260
31 132 285
32 137 295
33 139 308
34 144 326
35 157 329
36 159 348
37 170 356
38 174 361
39 175 393
40 185 385
41 197 420
42 203 438
43 214 456
44 210 418
45 194 454
46 177 410
47 202 439
48 212 471
49 215 448
50 218 453
51 227 471
52 238 500
53 248 483
54 225 482
55 225 496
56 244 527
57 247 544
58 253 563
59 260 581
60 264 604
61 258 626
62 285 667
63 312 688
64 301 710
65 415 823
66 433 840
67 433 846
68 434 872
69 451 918
70 431 929
71 479 994
72 480 976
73 491 1033
74 430 904
75 439 912
76 448 956
77 441 905
78 409 885
79 440 900
80 391 784
81 410 815
82 412 838
83 418 840
84 429 856
85 440 868
86 430 858
87 425 873
88 446 926
89 463 964
90 441 1074
91 446 1092
92 450 1113
93 491 1084
94 461 1098
95 436 1099
96 480 1069
97 490 1086
98 500 1152
99 476 1207
100 478 1227
101 481 1231
102 552 1220
103 534 1220
104 540 1237
105 568 1328
106 593 1481
107 636 1263
108 604 1246
109 624 1280
110 621 1305
111 625 1296
112 595 1350
113 598 1355
114 702 1560
115 595 1285
116 578 1341
117 613 1423
118 633 1450
119 639 1465
120 662 1548
121 691 1565
122 680 1568
123 668 1549
124 676 1571
125 721 1691
126 728 1717
127 770 1776
128 776 1771
129 706 1590
130 694 1579
131 737 1658
132 726 1617
133 693 1582
134 693 1625
135 722 1673
136 713 1734
137 748 1664
138 744 1688
139 902 1835
140 907 1867
141 857 1747
142 847 1755
143 784 1812
144 827 1751
145 834 1811
146 835 1926
147 856 1969
148 823 1631
149 839 1645
150 838 1655
151 858 1714
152 883 1708
153 920 1769
154 942 1893
155 927 1930
156 964 1908
157 915 1906
158 865 1863
159 854 1832
160 879 1940
161 881 1950
162 854 2003
163 885 2150
164 946 1896
165 945 1962
166 1015 2052
167 990 2203
168 1019 2080
169 1027 2025
170 1139 2244
171 1195 2266
172 1100 2158
173 1092 2130
174 1073 2173
175 1172 2220
176 1051 2051
177 1029 2095
178 1148 2270
179 1152 2309
180 1145 2266
181 1162 2304
182 1103 2136
183 1247 2450
184 1185 2522
185 1151 2358
186 1143 2488
187 1149 2371
188 1181 2363
189 1179 2377
190 1120 2383
191 1268 2557
192 1252 2490
193 1293 2450
194 1246 2473
195 1324 2495
196 1250 2367
197 1258 2313
198 1240 2403
199 1253 2724
200 1258 2688
201 1194 2443
202 1208 2587
203 1205 2489
204 1228 2472
205 1123 2745
206 1125 2755
207 1146 2801
208 1159 2714
209 1250 2788
210 1402 2821
211 1364 2958
212 1318 2816
213 1311 2629
214 1307 2630
215 1349 2875
216 1365 2923
217 1457 2912
218 1584 3203
219 1605 3554
220 1603 3458
221 1509 3072
222 1558 3166
223 1533 3186
224 1525 3258
225 1532 3106
226 1461 3013
227 1651 3332
228 1628 3266
229 1595 3250
230 1631 3322
231 1458 3035
232 1459 3046
233 1500 3063
234 1486 3201
235 1534 3311
236 1552 3193
237 1516 3125
238 1584 3300
239 1503 3383
240 1506 3405
241 1522 3420
242 1534 3299
243 1654 3498
244 1541 3207
245 1688 3635
246 1576 3596
247 1582 3457
248 1694 3467
249 1559 3767
250 1547 3760
251 1605 3408
252 1574 3252
253 1593 3788
254 1532 3415
255 1797 3515
256 1758 3355
257 1695 3308
258 1668 3386
259 1763 3890
260 1732 3842
261 1747 3893
262 1648 3672
263 1701 3661
264 1723 3675
265 1714 3593
266 1665 3442
267 1716 3730
268 1728 3912
269 1775 3735
270 1758 3799
271 1870 3790
272 1769 3568
273 1942 3940
274 1948 4030
275 1931 4007
276 1787 3876
277 1746 3910
278 1736 3809
279 1756 3832
280 1917 4301
281 1917 4373
282 1882 4175
283 1792 4124
284 1795 4141
285 1860 4532
286 1900 4171
287 1975 4006
288 2002 4278
289 1964 4154
290 1867 4123
291 2040 4495
292 2035 4516
293 2025 4242
294 2059 4160
295 1971 4233
296 1902 4269
297 2098 4370
298 2095 4443
299 2028 4260
300 2072 4274
