0 0 0
1 0 0
2 5 4
3 7 6
4 21 17
5 25 21
6 44 30
7 60 39
8 57 47
9 67 56
10 85 66
11 119 85
12 118 84
13 131 93
14 162 113
15 176 122
16 181 140
17 181 144
18 229 170
19 241 180
20 270 196
21 290 211
22 384 258
23 401 271
24 364 254
25 382 268
26 404 280
27 401 283
28 405 287
29 417 296
30 427 304
31 441 315
32 538 395
33 541 401
34 556 413
35 640 460
36 683 482
37 701 496
38 701 500
39 686 497
40 762 537
41 813 567
42 789 560
43 799 570
44 838 592
45 852 604
46 895 631
47 905 641
48 1033 706
49 1089 739
50 1142 767
51 1189 796
52 1078 746
53 1099 761
54 971 702
55 991 717
56 1124 785
57 1136 796
58 1183 822
59 1210 840
60 1219 848
61 1209 848
62 1302 898
63 1334 918
64 1647 1140
65 1610 1128
66 1484 1071
67 1535 1103
68 1575 1127
69 1584 1137
70 1529 1113
71 1537 1123
72 1748 1233
73 1670 1201
74 1674 1202
75 1675 1209
76 1832 1294
77 1800 1284
78 1868 1319
79 1881 1332
80 2099 1445
81 2150 1476
82 1891 1353
83 1965 1396
84 1885 1358
85 1954 1399
86 1981 1418
87 2060 1464
88 2131 1501
89 2091 1487
90 2183 1536
91 2200 1551
92 2156 1531
93 2167 1543
94 2148 1540
95 2184 1564
96 2902 1920
97 2860 1904
98 2989 1976
99 3076 2025
100 2889 1933
101 2927 1958
102 2768 1884
103 2754 1883
104 2865 1943
105 2889 1961
106 2735 1886
107 2677 1863
108 2708 1888
109 2700 1890
110 3001 2039
111 3051 2070
112 3238 2172
113 3264 2191
114 3276 2197
115 3329 2229
116 3074 2107
117 3124 2139
118 2940 2051
119 2961 2067
120 3245 2214
121 3194 2194
122 3081 2139
123 3208 2209
124 3178 2198
125 3185 2207
126 3156 2199
127 3127 2190
128 4096 2805
129 4028 2780
130 3896 2715
131 3898 2723
132 3813 2687
133 3986 2780
134 3783 2684
135 3816 2707
136 3890 2751
137 3904 2764
138 4197 2912
139 4149 2895
140 3944 2797
141 3983 2823
142 4240 2953
143 4175 2929
144 4449 3072
145 4437 3073
146 4505 3111
147 4508 3119
148 4425 3087
149 4374 3068
150 4296 3036
151 4294 3042
152 4192 2996
153 4120 2968
154 4267 3046
155 4349 3093
156 4314 3077
157 4363 3108
158 4185 3024
159 4291 3085
160 5138 3515
161 5205 3556
162 5083 3500
163 5145 3538
164 5190 3559
165 5130 3535
166 4945 3452
167 5034 3503
168 4915 3450
169 4993 3496
170 4983 3493
171 5022 3519
172 5246 3634
173 5372 3704
174 5192 3621
175 5265 3665
176 5773 3924
177 5768 3928
178 5760 3930
179 5874 3996
180 6034 4077
181 6050 4092
182 5513 3828
183 5541 3849
184 5956 4064
185 5975 4080
186 5632 3914
187 5615 3912
188 5423 3823
189 5431 3834
190 5255 3750
191 5399 3828
192 7997 5130
193 7754 5016
194 7291 4783
195 7410 4849
196 6623 4462
197 6690 4502
198 6822 4575
199 6862 4602
200 6968 4660
201 6782 4574
202 6667 4519
203 6696 4540
204 6363 4381
205 6228 4321
206 6917 4666
207 6954 4692
208 6894 4672
209 6766 4615
210 7049 4756
211 7042 4760
212 6800 4647
213 6868 4688
214 7370 4940
215 7352 4937
216 7176 4858
217 7124 4840
218 7330 4948
219 7293 4937
220 7321 4957
221 7287 4948
222 7163 4886
223 7159 4893
224 8561 5602
225 8479 5568
226 8368 5516
227 8368 5523
228 7610 5148
229 7611 5156
230 7969 5333
231 7958 5335
232 7942 5341
233 8007 5381
234 7453 5106
235 7480 5127
236 7667 5225
237 7654 5225
238 7470 5140
239 7482 5152
240 8142 5486
241 7969 5406
242 7934 5386
243 8065 5459
244 7630 5252
245 7715 5301
246 7626 5260
247 7652 5280
248 7666 5296
249 7720 5330
250 8115 5529
251 8234 5596
252 7627 5296
253 7598 5289
254 7534 5264
255 7617 5312
256 10835 7180
257 11284 7415
258 10875 7222
259 11133 7360
260 9813 6699
261 9885 6743
262 10425 7012
263 10503 7059
264 9506 6581
265 9484 6578
266 9560 6616
267 9685 6686
268 10233 6969
269 10314 7017
270 10057 6887
271 10203 6968
272 10089 6922
273 10222 6996
274 9800 6792
275 9787 6794
276 9890 6843
277 9908 6859
278 10621 7221
279 10773 7305
280 9989 6924
281 9900 6888
282 9795 6848
283 9773 6845
284 9747 6833
285 9831 6883
286 10092 7018
287 10140 7049
288 12675 8326
289 12624 8308
290 11909 7949
291 11918 7962
292 10568 7297
293 10429 7235
294 10497 7275
295 10440 7254
296 10353 7223
297 10296 7202
298 10894 7500
299 10884 7503
300 10377 7259
