0 0 1
1 0 1
2 0 2
3 2 6
4 4 11
5 8 18
6 14 27
7 14 32
8 20 43
9 28 56
10 38 72
11 52 90
12 71 112
13 87 133
14 93 150
15 105 172
16 108 186
17 116 207
18 144 240
19 154 265
20 181 298
21 209 334
22 244 374
23 287 418
24 307 453
25 338 494
26 342 519
27 371 560
28 381 594
29 438 653
30 454 692
31 507 750
32 566 812
33 591 858
34 644 919
35 652 959
36 705 1022
37 750 1082
38 762 1127
39 779 1175
40 852 1253
41 899 1318
42 952 1387
43 1021 1466
44 1054 1527
45 1133 1613
46 1168 1677
47 1205 1743
48 1224 1802
49 1248 1864
50 1305 1943
51 1376 2031
52 1464 2128
53 1505 2202
54 1576 2293
55 1621 2372
56 1622 2424
57 1706 2525
58 1810 2636
59 1832 2706
60 1917 2810
61 1946 2887
62 1956 2955
63 2043 3063
64 2109 3161
65 2228 3287
66 2333 3407
67 2384 3501
68 2461 3609
69 2598 3748
70 2664 3853
71 2743 3965
72 2821 4077
73 2848 4165
74 2917 4275
75 3049 4418
76 3074 4508
77 3198 4648
78 3247 4753
79 3298 4859
80 3319 4951
81 3453 5100
82 3468 5191
83 3476 5274
84 3525 5384
85 3655 5536
86 3735 5663
87 3788 5779
88 3894 5921
89 3971 6051
90 4051 6183
91 4124 6312
92 4244 6466
93 4341 6609
94 4372 6720
95 4419 6841
96 4516 6987
97 4525 7084
98 4638 7240
99 4672 7358
100 4678 7458
101 4696 7570
102 4856 7754
103 4989 7926
104 5053 8064
105 5120 8205
106 5244 8375
107 5348 8536
108 5406 8675
109 5594 8880
110 5772 9081
111 5853 9235
112 6037 9441
113 6243 9660
114 6342 9825
115 6384 9963
116 6564 10172
117 6761 10390
118 6879 10569
119 6981 10742
120 7063 10905
121 7284 11139
122 7476 11359
123 7482 11483
124 7607 11672
125 7951 11968
126 8018 12125
127 8238 12366
128 8445 12601
129 8536 12779
130 8627 12958
131 8802 13180
132 9040 13435
133 9277 13690
134 9279 13816
135 9326 13974
136 9425 14163
137 9646 14414
138 9897 14682
139 10039 14895
140 10256 15148
141 10352 15340
142 10542 15582
143 10625 15770
144 10848 16029
145 11099 16304
146 11307 16558
147 11441 16776
148 11668 17041
149 11755 17238
150 11972 17500
151 12047 17693
152 12131 17891
153 12364 18164
154 12611 18446
155 12819 18709
156 13076 18998
157 13347 19295
158 13501 19534
159 13675 19784
160 13725 19969
161 13976 20260
162 14031 20450
