0 2 0
1 2 0
2 9 3
3 18 8
4 20 8
5 30 11
6 42 18
7 51 25
8 63 34
9 69 36
10 74 44
11 74 44
12 86 51
13 98 63
14 125 78
15 123 74
16 125 76
17 167 101
18 154 88
19 154 91
20 173 101
21 217 145
22 233 161
23 242 161
24 252 161
25 262 168
26 287 198
27 297 202
28 301 208
29 307 218
30 322 231
31 317 218
32 337 237
33 360 236
34 365 244
35 370 248
36 413 281
37 381 276
38 416 282
39 416 303
40 439 331
41 456 346
42 478 368
43 497 389
44 510 403
45 520 412
46 533 423
47 501 352
48 554 414
49 597 468
50 611 486
51 637 448
52 649 474
53 633 486
54 647 484
55 683 519
56 693 543
57 787 620
58 750 560
59 807 610
60 786 564
61 799 577
62 822 594
63 821 598
64 899 668
65 917 696
66 935 711
67 987 781
68 1024 794
69 1057 820
70 1070 832
71 953 688
72 966 699
73 951 693
74 953 697
75 985 710
76 1043 756
77 1073 786
78 1107 823
79 1153 881
80 1147 891
81 1109 839
82 1151 866
83 1130 807
84 1156 822
85 1175 839
86 1164 860
87 1191 866
88 1264 957
89 1277 969
90 1296 991
91 1296 990
92 1348 1047
93 1363 1060
94 1311 1084
95 1315 1015
96 1340 1063
97 1361 1079
98 1372 1023
99 1378 1031
100 1392 1046
101 1417 1111
102 1399 1046
103 1419 1064
104 1469 1118
105 1484 1114
106 1476 1146
107 1590 1221
108 1615 1285
109 1568 1307
110 1610 1301
111 1632 1331
112 1586 1263
113 1690 1276
114 1702 1252
115 1691 1219
116 1633 1283
117 1690 1325
118 1669 1367
119 1828 1443
120 1774 1471
121 1806 1490
122 1856 1542
123 1873 1561
124 1760 1494
125 1779 1514
126 1987 1653
127 2019 1665
128 2018 1705
129 1990 1580
130 1962 1515
131 1992 1536
132 2036 1631
133 2009 1633
134 2037 1634
135 2053 1647
136 2069 1667
137 2199 1837
138 2217 1858
139 2172 1799
140 2207 1901
141 2263 1856
142 2255 1856
143 2124 1697
144 2174 1750
145 2194 1771
146 2203 1780
147 2183 1774
148 2242 1824
149 2285 1861
150 2391 2000
151 2367 1932
152 2354 1873
153 2371 1893
154 2254 1794
155 2426 1920
156 2557 2004
157 2399 1841
158 2464 1884
159 2482 1934
160 2500 1953
161 2609 2065
162 2636 2052
163 2467 1859
164 2692 2177
165 2847 2309
166 2544 2005
167 2508 1976
168 2509 1986
169 2572 2061
170 2518 2038
171 2523 2053
172 2510 1965
173 2576 2065
174 2726 2139
175 3028 2362
176 3116 2443
177 2938 2335
178 2967 2371
179 2985 2430
180 2857 2327
181 2890 2356
182 3048 2475
183 3042 2500
184 2932 2389
185 3081 2523
186 2986 2430
187 3004 2449
188 3080 2658
189 3160 2718
190 3066 2590
191 3039 2529
192 3053 2546
193 3193 2712
194 3154 2630
195 3182 2679
196 3290 2810
197 3167 2700
198 3391 2891
199 3346 2877
200 3449 3032
201 3465 3078
202 3348 2896
203 3272 2838
204 3285 2854
205 3314 2859
206 3315 2931
207 3455 2897
208 3583 3073
209 3517 3000
210 3594 3037
211 3616 3066
212 3787 3279
213 3996 3632
214 3807 3382
215 3572 3167
216 3593 3228
217 3793 3360
218 3794 3196
219 3769 3218
220 3639 3018
221 3637 2992
222 3803 3203
223 3835 3274
224 3692 3105
225 3722 3127
226 4074 3529
227 4229 3718
228 4189 3645
229 4221 3650
230 4224 3661
231 4660 4109
232 4379 4016
233 4448 3871
234 4352 3707
235 4478 3926
236 4513 3883
237 4323 3747
238 4141 3537
239 4334 3873
240 4129 3594
241 4399 3727
242 4625 3994
243 4240 3705
244 4338 3725
245 4597 3964
246 4336 3831
247 4544 4126
248 4557 3911
249 4790 4185
250 4483 3934
251 4757 4206
252 4782 4237
253 4658 4054
254 4623 4215
255 4827 4226
256 4502 3990
257 4575 4106
258 4667 4259
259 4710 3881
260 4844 4045
261 4743 3950
262 4777 4189
263 4785 4172
264 4872 4222
265 4839 4241
266 5212 4534
267 5203 4485
268 5043 4372
269 5004 4366
270 4588 3966
271 4736 4162
272 4613 4049
273 5006 4294
274 5095 4262
275 5104 4325
276 5146 4377
277 5276 4413
278 5210 4353
279 5204 4263
280 5205 4320
281 5222 4349
282 5363 4576
283 5105 4371
284 5063 4246
285 5058 4433
286 5079 4444
287 5242 4441
288 5589 4587
289 5889 4957
290 5348 4559
291 5424 4697
292 5414 4664
293 5397 4660
294 5452 4704
295 5474 4610
296 5755 4876
297 5389 4452
298 5389 4456
299 6210 5282
300 5850 5159
